1
50
30
50
67						44
83						 6
50						30
 4						27
10						53
87						40
69						20
26						36
80						74
91						25
95						17
82						13
78						65
84						20
93						56
19						54
79						82
13						10
75						59
28						56
98						59
40						 7
66						35
85						14
 5						51
74						51
15						45
53						70
10						64
70						74
35						97
80						61
 3						39
94						98
 8						39
37						50
49						90
23						19
29						21
 6						23
13						 3
99						34
88						96
64						92
29						21
37						84
72						96
11						16
94						40
 7						67
21 
57 
91 
74 
83 
37 
5 
64 
97 
88 
29 
57 
97 
34 
87 
23 
39 
60 
62 
27 
48 
37 
88 
93 
92 
48 
82 
18 
81 
43 
24 
37 
42 
24 
1 
56 
17 
70 
10 
12 
26 
66 
36 
49 
58 
6 
69 
46 
66 
97 
87 
14 
57 
5 
24 
84 
14 
61 
71 
57 
92 
89 
87 
99 
31 
60 
60 
25 
8 
52 
21 
28 
5 
93 
44 
24 
11 
26 
73 
59 
44 
31 
64 
55 
62 
98 
64 
42 
12 
63 
61 
22 
32 
98 
33 
5 
32 
7 
30 
67 
84 
48 
85 
8 
19 
69 
63 
24 
44 
22 
97 
7 
83 
31 
34 
67 
41 
20 
74 
64 
94 
53 
17 
90 
24 
100 
19 
48 
98 
79 
33 
33 
69 
66 
97 
91 
23 
10 
90 
94 
8 
27 
57 
14 
64 
95 
31 
16 
66 
6 
49 
70 
27 
66 
9 
36 
99 
24 
77 
58 
40 
72 
78 
46 
33 
19 
89 
67 
34 
11 
23 
92 
93 
5 
15 
41 
76 
27 
59 
14 
14 
22 
8 
99 
57 
91 
79 
43 
26 
14 
78 
71 
89 
74 
25 
72 
84 
57 
21 
63 
32 
99 
22 
51 
48 
55 
17 
74 
69 
30 
8 
5 
97 
80 
39 
60 
9 
71 
93 
89 
79 
72 
2 
61 
90 
95 
3 
35 
11 
26 
44 
73 
82 
28 
58 
40 
24 
90 
96 
73 
93 
81 
8 
50 
90 
9 
20 
67 
72 
35 
48 
77 
6 
1 
32 
40 
68 
12 
35 
91 
98 
41 
3 
84 
4 
100 
27 
39 
78 
43 
58 
55 
74 
93 
89 
98 
13 
67 
26 
13 
82 
49 
72 
96 
32 
64 
64 
12 
70 
89 
15 
100 
98 
64 
10 
9 
24 
69 
95 
51 
95 
97 
64 
68 
10 
84 
21 
76 
71 
87 
7 
85 
61 
17 
17 
78 
53 
58 
33 
12 
80 
54 
80 
23 
10 
28 
45 
68 
27 
55 
59 
24 
61 
68 
37 
15 
34 
22 
37 
89 
31 
9 
64 
75 
74 
81 
83 
69 
23 
51 
92 
45 
72 
60 
91 
85 
8 
75 
37 
37 
73 
99 
15 
99 
37 
42 
88 
43 
39 
97 
40 
52 
55 
49 
84 
72 
76 
100 
48 
4 
67 
53 
51 
3 
46 
93 
100 
84 
67 
60 
76 
60 
71 
33 
1 
27 
25 
91 
61 
95 
26 
63 
92 
32 
72 
93 
15 
26 
8 
51 
3 
18 
68 
11 
24 
78 
35 
38 
92 
49 
92 
38 
12 
43 
41 
26 
99 
9 
44 
18 
61 
86 
77 
38 
49 
35 
3 
54 
41 
52 
11 
85 
64 
63 
19 
7 
62 
83 
75 
52 
95 
76 
46 
61 
33 
80 
89 
49 
52 
64 
3 
15 
52 
47 
13 
85 
48 
46 
29 
69 
30 
83 
39 
98 
17 
97 
90 
81 
91 
42 
29 
24 
62 
88 
85 
50 
13 
32 
84 
64 
95 
57 
60 
42 
96 
26 
58 
18 
35 
16 
45 
32 
17 
43 
66 
94 
33 
92 
98 
78 
93 
6 
58 
56 
29 
93 
34 
85 
78 
66 
42 
7 
61 
42 
22 
61 
81 
69 
94 
87 
51 
8 
71 
84 
3 
28 
37 
29 
59 
75 
24 
35 
21 
2 
98 
77 
18 
84 
82 
99 
57 
23 
48 
49 
1 
90 
4 
51 
3 
65 
3 
94 
91 
34 
50 
32 
31 
47 
75 
27 
78 
3 
71 
40 
85 
35 
19 
72 
60 
99 
83 
95 
93 
65 
50 
61 
35 
92 
45 
89 
83 
44 
95 
2 
98 
28 
54 
41 
81 
56 
100 
44 
13 
88 
79 
21 
3 
13 
84 
16 
94 
8 
51 
99 
71 
40 
39 
64 
44 
18 
5 
26 
16 
54 
69 
4 
56 
53 
1 
30 
95 
30 
22 
7 
47 
47 
24 
2 
32 
54 
7 
42 
42 
23 
99 
6 
28 
59 
36 
70 
56 
25 
84 
28 
2 
74 
55 
45 
34 
61 
80 
73 
30 
81 
89 
23 
76 
5 
88 
77 
11 
79 
60 
53 
5 
58 
91 
43 
49 
24 
95 
2 
97 
30 
84 
2 
85 
14 
26 
19 
37 
98 
95 
56 
57 
8 
67 
62 
25 
87 
51 
5 
82 
82 
43 
62 
71 
33 
37 
43 
12 
77 
80 
31 
30 
35 
60 
26 
20 
27 
79 
20 
80 
93 
36 
20 
19 
33 
58 
54 
44 
47 
5 
23 
17 
89 
99 
35 
8 
4 
3 
53 
45 
84 
44 
96 
42 
75 
24 
26 
17 
17 
29 
86 
96 
70 
84 
80 
21 
87 
62 
22 
72 
48 
12 
81 
79 
53 
99 
15 
6 
89 
45 
80 
79 
91 
69 
33 
30 
32 
67 
59 
92 
24 
21 
60 
46 
19 
85 
86 
20 
57 
60 
48 
57 
24 
50 
80 
87 
37 
96 
6 
82 
74 
3 
56 
9 
72 
64 
12 
41 
45 
94 
76 
41 
98 
69 
98 
14 
35 
89 
52 
25 
36 
83 
6 
87 
52 
100 
95 
16 
48 
61 
52 
76 
57 
29 
6 
30 
20 
67 
74 
71 
47 
36 
67 
37 
87 
84 
99 
48 
97 
53 
59 
32 
87 
4 
23 
31 
66 
40 
3 
40 
80 
80 
45 
27 
63 
85 
29 
5 
78 
85 
27 
29 
47 
12 
29 
43 
89 
39 
40 
54 
92 
29 
67 
25 
94 
88 
66 
9 
17 
80 
22 
13 
95 
95 
52 
53 
86 
57 
33 
24 
87 
51 
22 
11 
16 
12 
68 
60 
81 
59 
83 
60 
71 
35 
72 
100 
79 
47 
38 
99 
85 
75 
64 
20 
80 
39 
59 
51 
64 
16 
17 
63 
49 
30 
52 
27 
88 
15 
37 
51 
78 
18 
42 
23 
13 
68 
63 
93 
85 
89 
69 
12 
93 
17 
48 
74 
25 
6 
74 
94 
62 
7 
28 
14 
87 
15 
80 
67 
74 
99 
99 
26 
72 
92 
95 
34 
86 
48 
18 
59 
54 
7 
96 
71 
57 
20 
39 
88 
75 
53 
6 
36 
48 
89 
70 
19 
35 
15 
97 
29 
81 
94 
91 
87 
36 
63 
13 
80 
46 
13 
23 
43 
65 
67 
42 
79 
72 
33 
36 
28 
22 
56 
40 
29 
92 
50 
5 
96 
57 
98 
23 
16 
53 
9 
27 
4 
53 
7 
42 
17 
20 
65 
71 
64 
17 
22 
42 
36 
73 
85 
100 
35 
34 
77 
70 
31 
54 
2 
27 
27 
73 
46 
64 
100 
72 
86 
69 
81 
78 
47 
42 
88 
76 
82 
85 
26 
48 
26 
60 
65 
60 
20 
62 
72 
86 
19 
20 
13 
26 
26 
21 
96 
53 
33 
45 
84 
55 
51 
64 
42 
15 
55 
93 
17 
86 
31 
2 
54 
83 
63 
63 
97 
61 
35 
48 
41 
14 
43 
2 
51 
5 
46 
74 
82 
100 
64 
57 
36 
89 
89 
11 
88 
88 
34 
34 
26 
35 
53 
87 
24 
15 
91 
58 
79 
97 
75 
59 
66 
97 
4 
87 
6 
11 
1 
47 
21 
20 
90 
93 
48 
70 
10 
11 
100 
35 
9 
77 
19 
21 
48 
54 
13 
31 
72 
15 
85 
52 
31 
12 
6 
26 
97 
78 
56 
47 
87 
69 
48 
67 
49 
70 
74 
34 
43 
78 
7 
56 
17 
67 
60 
85 
50 
11 
36 
79 
69 
92 
30 
30 
91 
58 
11 
57 
10 
74 
70 
77 
75 
47 
75 
19 
74 
99 
50 
10 
26 
19 
68 
15 
18 
74 
63 
42 
87 
62 
94 
87 
38 
33 
84 
24 
70 
78 
11 
58 
44 
50 
61 
97 
90 
71 
8 
53 
31 
86 
13 
17 
77 
66 
56 
54 
54 
39 
74 
65 
4 
61 
16 
81 
14 
3 
5 
36 
11 
85 
61 
79 
42 
74 
8 
9 
12 
51 
78 
90 
48 
28 
64 
39 
45 
37 
64 
72 
87 
26 
72 
30 
90 
98 
72 
55 
20 
19 
86 
66 
73 
65 
45 
86 
35 
85 
64 
38 
88 
48 
98 
36 
33 
58 
52 
65 
51 
94 
69 
66 
65 
69 
87 
67 
70 
51 
21 
93 
90 
98 
89 
89 
83 
28 
96 
22 
4 
69 
40 
36 
56 
19 
49 
57 
90 
60 
92 
5 
94 
49 
38 
99 
38 
87 
61 
31 
87 
37 
61 
96 
77 
64 
4 
24 
60 
89 
88 
83 
1 
47 
21 
4 
74 
12 
68 
85 
14 
96 
14 
52 
24 
69 
75 
12 
19 
35 
46 
34 
24 
69 
6 
18 
70 
59 
36 
35 
15 
85 
75 
62 
67 
93 
47 
97 
36 
16 
61 
83 
42 
13 
9 
78 
50 
96 
58 
32 
96 
9 
79 
39 
76 
95 
20 
32 
13 
63 
38 
82 
21 
83 
60 
41 
97 
93 
1 
55 
90 
17 
6 
2 
99 
92 
22 
52 
96 
7 
71 
54 
80 
3 
29 
11 
35 
33 
97 
35 
60 
69 
86 
31 
48 
92 
15 
76 
20 
49 
74 
12 
2 
83 
47 
31 
30 
62 
37 
63 
34 
41 
32 
76 
5 
41 
74 
2 
99 
43 
19 
95 
2 
4 
54 
30 
17									13									55		81
13									14									75		90
30									 4									100		99
22									11									97		40
19									18									90		73
14									14									74		55
 3									 6									 8		59
21									 6									14		60
 5									20									40		14
 9									11									 6		24
25									16									41		28
20									 6									40		53
28									17									 1		29
 6									 4									 6		100
19									 4									43		18
16									12									36		87
30									14									76		56
 1									15									25		54
11									 7									30		72
 1									 9									82		21
10									 4									34		 3
14									20									55		48
21									 8									54		99
 9									17									48		95
18									12									87		72
 7									15									45		14
20									 5									79		27
15									16									20		29
18									14									73		92
25									12									17		89
16									15									57		57
17									 2									 8		37
 9									20									65		26
 2									 7									49		63
 6									 4									36		15
12									 7									50		80
29									 8									79		 1
27									 6									30		68
29									19									40		60
 3									 4									23		 5
 6									13									63		45
 9									 9									90		77
18									18									72		30
15									 9									70		12
25									 7									67		84
 3									 1									36		59
25									 8									23		 8
 9									17									58		36
23									12									66		 4
29									10									73		100
